1 0.5438468992248062 0.7942506459948321 0.21705426356589147 0.1582687338501292
1 0.20409399224806202 0.7359496124031008 0.16739341085271317 0.1308139534883721
1 0.2969961240310077 0.6750645994832042 0.1613372093023256 0.11369509043927649
1 0.10840600775193798 0.6012596899224806 0.12814922480620156 0.08301033591731266
1 0.11531007751937984 0.5505490956072352 0.1119186046511628 0.061692506459948324
1 0.3505329457364341 0.5505490956072352 0.16036821705426357 0.09528423772609819
1 0.5184108527131783 0.5536175710594315 0.1569767441860465 0.07687338501291989
1 0.3494428294573643 0.9452519379844961 0.2759205426356589 0.10949612403100775
1 0.6119186046511628 0.6666666666666666 0.1937984496124031 0.12467700258397933
1 0.827640503875969 0.7365956072351422 0.2308624031007752 0.14437984496124032
1 0.05062984496124031 0.49127906976744184 0.0935077519379845 0.053617571059431525
1 0.25084786821705424 0.4620478036175711 0.11749031007751938 0.06621447028423773
1 0.39328972868217055 0.43281653746770027 0.09568798449612403 0.06912144702842377
1 0.5698885658914729 0.4643087855297158 0.06807170542635659 0.058462532299741604
1 0.6482558139534884 0.4720607235142119 0.07267441860465117 0.07719638242894057
1 0.6810804263565892 0.523578811369509 0.06710271317829457 0.0755813953488372
1 0.6568556201550387 0.41052971576227393 0.06468023255813954 0.05232558139534884
1 0.2657461240310077 0.41052971576227393 0.07848837209302326 0.040051679586563305
1 0.6839874031007752 0.3804909560723514 0.04481589147286822 0.041343669250646
1 0.8511385658914729 0.5534560723514211 0.11652131782945736 0.09528423772609819
