1 0.5527086383601757 0.7259114583333334 0.1815519765739385 0.4309895833333333
1 0.33382137628111275 0.5436197916666666 0.17130307467057102 0.3216145833333333
1 0.16764275256222547 0.3971354166666667 0.1698389458272328 0.2421875
1 0.1123718887262079 0.7298177083333334 0.2232796486090776 0.51171875
1 0.23938506588579794 0.890625 0.21961932650073207 0.21875
1 0.7745241581259151 0.5032552083333334 0.17423133235724744 0.3033854166666667
1 0.3788433382137628 0.263671875 0.12518301610541727 0.20963541666666666
1 0.24084919472913616 0.19205729166666666 0.1390922401171303 0.22265625
1 0.7295021961932651 0.21940104166666666 0.12225475841874085 0.19661458333333334
1 0.4260614934114202 0.08268229166666667 0.10102489019033675 0.16276041666666666
1 0.5457540263543191 0.22526041666666666 0.11932650073206442 0.3125
1 0.8469985358711567 0.8352864583333334 0.23865300146412885 0.3294270833333333
1 0.945095168374817 0.5677083333333334 0.10980966325036604 0.3619791666666667
1 0.8620058565153733 0.15950520833333334 0.12079062957540264 0.18359375
1 0.29978038067349927 0.057942708333333336 0.13103953147877012 0.11328125
1 0.7031478770131772 0.059895833333333336 0.09297218155197658 0.11197916666666667
