10 0.9144425675675676 0.45553585001266783 0.10658783783783783 0.44337471497339753
12 0.07719594594594595 0.702432227007854 0.15101351351351353 0.14568026349125918
11 0.06984797297297297 0.8434253863693945 0.11503378378378379 0.13934633899163923
11 0.16689189189189188 0.8078287306815303 0.09391891891891892 0.18520395236888776
11 0.225 0.7422092728654675 0.12364864864864865 0.2343552064859387
11 0.19864864864864865 0.9535089941727894 0.16148648648648647 0.05244489485685331
14 0.1933277027027027 0.9604763111223714 0.1910472972972973 0.07904737775525715
8 0.6086993243243243 0.6708892829997466 0.14780405405405406 0.5350899417278946
9 0.32525337837837837 0.32885736002026855 0.5964527027027027 0.3324043577400557
12 0.8748310810810811 0.7927539903724348 0.19425675675675674 0.2756523942234609
13 0.7450168918918919 0.9573093488725615 0.09712837837837837 0.08538130225487713
