15 0.4725 0.71475 0.24433333333333335 0.4485
15 0.7461666666666666 0.704 0.22233333333333333 0.421
15 0.871 0.6345 0.029333333333333333 0.321
24 0.338 0.46 0.14533333333333334 0.197
25 0.12183333333333334 0.5685 0.24033333333333334 0.177
22 0.079 0.32675 0.13666666666666666 0.2395
23 0.227 0.451 0.06066666666666667 0.197
26 0.21283333333333335 0.20925 0.15766666666666668 0.0895
19 0.5703333333333334 0.06375 0.13733333333333334 0.1265
19 0.6536666666666666 0.13275 0.1 0.1365
18 0.631 0.38825 0.09266666666666666 0.1895
14 0.5041666666666667 0.47975 0.05566666666666667 0.0245
14 0.7118333333333333 0.48125 0.036333333333333336 0.0215
20 0.6456666666666667 0.51475 0.278 0.0335
21 0.2891666666666667 0.66375 0.189 0.1985
