32 0.3643529893529894 0.720629639109291 0.2201064701064701 0.25262349628871256
32 0.18069205569205568 0.5733299206552342 0.11895986895986896 0.0639877143588431
32 0.10524160524160524 0.5398003583312004 0.09090909090909091 0.02866649603276171
32 0.8851351351351351 0.5623240337855132 0.04095004095004095 0.025595085743537242
32 0.6216216216216216 0.556693114921935 0.06388206388206388 0.027130790888149476
32 0.49365274365274364 0.5431277194778602 0.05896805896805897 0.025595085743537242
32 0.6926699426699426 0.5493985154850268 0.049959049959049956 0.01919631430765293
32 0.40274365274365276 0.5429997440491425 0.08968058968058969 0.028922446890197084
32 0.269041769041769 0.5366009726132582 0.04463554463554464 0.01919631430765293
32 0.8141891891891891 0.5373688251855644 0.026822276822276822 0.017660609163040696
32 0.973996723996724 0.5518300486306629 0.052006552006552006 0.024059380598925005
